{
    "camera_angle_x": 0.5235987755982988,
    "frames": [
        {
            "file_path": "./train/r_0",
            "rotation": 0.0,
            "transform_matrix": [
                [
                    -0.12896062433719635,
                    0.9875832200050354,
                    0.08971402794122696,
                    0.3616460859775543
                ],
                [
                    0.9916497468948364,
                    0.12843182682991028,
                    0.011667010374367237,
                    0.04703085124492645
                ],
                [
                    9.99999993922529e-09,
                    0.09046947956085205,
                    -0.9958992600440979,
                    -4.014568328857422
                ],
                [
                    9.99999993922529e-09,
                    9.99999993922529e-09,
                    9.99999993922529e-09,
                    1.0
                ]
            ],
            "time": 0.10101010101010101,
            "params": [
                0.10101010101010101
            ]
        },
        {
            "file_path": "./train/r_1",
            "rotation": 0.0,
            "transform_matrix": [
                [
                    -0.8815076947212219,
                    -0.47013890743255615,
                    -0.04374399781227112,
                    -0.17633642256259918
                ],
                [
                    -0.47216957807540894,
                    0.877716600894928,
                    0.08166702091693878,
                    0.32920780777931213
                ],
                [
                    9.99999993922529e-09,
                    0.09264470636844635,
                    -0.9956992268562317,
                    -4.0137619972229
                ],
                [
                    9.99999993922529e-09,
                    9.99999993922529e-09,
                    9.99999993922529e-09,
                    1.0
                ]
            ],
            "time": 0.5454545454545454,
            "params": [
                0.5454545454545454
            ]
        },
        {
            "file_path": "./train/r_2",
            "rotation": 0.0,
            "transform_matrix": [
                [
                    0.997540295124054,
                    0.06973081082105637,
                    0.007144011091440916,
                    0.028798185288906097
                ],
                [
                    0.07009580731391907,
                    -0.9923459887504578,
                    -0.10166698694229126,
                    -0.4098298251628876
                ],
                [
                    9.99999993922529e-09,
                    0.10191769152879715,
                    -0.9947928786277771,
                    -4.010109901428223
                ],
                [
                    9.99999993922529e-09,
                    9.99999993922529e-09,
                    9.99999993922529e-09,
                    1.0
                ]
            ],
            "time": 0.10101010101010101,
            "params": [
                0.10101010101010101
            ]
        },
        {
            "file_path": "./train/r_3",
            "rotation": 0.0,
            "transform_matrix": [
                [
                    0.24344904720783234,
                    -0.9616733193397522,
                    -0.12616299092769623,
                    -0.5085756778717041
                ],
                [
                    -0.9699137210845947,
                    -0.24138067662715912,
                    -0.03166699409484863,
                    -0.1276528239250183
                ],
                [
                    9.99999993922529e-09,
                    0.1300765424966812,
                    -0.9915040135383606,
                    -3.996851682662964
                ],
                [
                    9.99999993922529e-09,
                    9.99999993922529e-09,
                    9.99999993922529e-09,
                    1.0
                ]
            ],
            "time": 0.37373737373737376,
            "params": [
                0.37373737373737376
            ]
        },
        {
            "file_path": "./train/r_4",
            "rotation": 0.0,
            "transform_matrix": [
                [
                    -0.981535792350769,
                    0.18746593594551086,
                    0.038001012057065964,
                    0.15318584442138672
                ],
                [
                    0.19127872586250305,
                    0.9619706869125366,
                    0.19499997794628143,
                    0.7860644459724426
                ],
                [
                    9.99999993922529e-09,
                    0.1986682415008545,
                    -0.9800668358802795,
                    -3.9507479667663574
                ],
                [
                    9.99999993922529e-09,
                    9.99999993922529e-09,
                    9.99999993922529e-09,
                    1.0
                ]
            ],
            "time": 0.7575757575757576,
            "params": [
                0.7575757575757576
            ]
        },
        {
            "file_path": "./train/r_5",
            "rotation": 0.0,
            "transform_matrix": [
                [
                    -0.5917147397994995,
                    0.7879542708396912,
                    0.1702990084886551,
                    0.6864922642707825
                ],
                [
                    0.8061473965644836,
                    0.578360915184021,
                    0.1250000149011612,
                    0.5038874745368958
                ],
                [
                    9.99999993922529e-09,
                    0.2112504541873932,
                    -0.9774320125579834,
                    -3.9401259422302246
                ],
                [
                    9.99999993922529e-09,
                    9.99999993922529e-09,
                    9.99999993922529e-09,
                    1.0
                ]
            ],
            "time": 0.10101010101010101,
            "params": [
                0.10101010101010101
            ]
        },
        {
            "file_path": "./train/r_6",
            "rotation": 0.0,
            "transform_matrix": [
                [
                    0.7785573601722717,
                    0.6121279001235962,
                    0.13837607204914093,
                    0.557807445526123
                ],
                [
                    0.6275734901428223,
                    -0.7593958377838135,
                    -0.17166705429553986,
                    -0.6920067667961121
                ],
                [
                    9.99999993922529e-09,
                    0.22049380838871002,
                    -0.9753884077072144,
                    -3.9318864345550537
                ],
                [
                    9.99999993922529e-09,
                    9.99999993922529e-09,
                    9.99999993922529e-09,
                    1.0
                ]
            ],
            "time": 0.23232323232323232,
            "params": [
                0.23232323232323232
            ]
        },
        {
            "file_path": "./train/r_7",
            "rotation": 0.0,
            "transform_matrix": [
                [
                    0.9460421204566956,
                    -0.3155645728111267,
                    -0.07364296168088913,
                    -0.29686227440834045
                ],
                [
                    -0.3240436315536499,
                    -0.9212875962257385,
                    -0.21499989926815033,
                    -0.8666864633560181
                ],
                [
                    9.99999993922529e-09,
                    0.22726252675056458,
                    -0.9738335609436035,
                    -3.92562198638916
                ],
                [
                    9.99999993922529e-09,
                    9.99999993922529e-09,
                    9.99999993922529e-09,
                    1.0
                ]
            ],
            "time": 0.6161616161616161,
            "params": [
                0.6161616161616161
            ]
        },
        {
            "file_path": "./train/r_8",
            "rotation": 0.0,
            "transform_matrix": [
                [
                    0.2548324167728424,
                    0.9413101077079773,
                    0.2213500589132309,
                    0.8922839164733887
                ],
                [
                    0.966985285282135,
                    -0.24806614220142365,
                    -0.058333005756139755,
                    -0.23514612019062042
                ],
                [
                    9.99999993922529e-09,
                    0.22890739142894745,
                    -0.9734482169151306,
                    -3.9240660667419434
                ],
                [
                    9.99999993922529e-09,
                    9.99999993922529e-09,
                    9.99999993922529e-09,
                    1.0
                ]
            ],
            "time": 0.7171717171717171,
            "params": [
                0.7171717171717171
            ]
        },
        {
            "file_path": "./train/r_9",
            "rotation": 0.0,
            "transform_matrix": [
                [
                    -0.6556306481361389,
                    -0.7346004247665405,
                    -0.17467305064201355,
                    -0.7041243314743042
                ],
                [
                    -0.7550817131996155,
                    0.6378469467163086,
                    0.15166707336902618,
                    0.6113848090171814
                ],
                [
                    9.99999993922529e-09,
                    0.2313300371170044,
                    -0.9728753566741943,
                    -3.9217562675476074
                ],
                [
                    9.99999993922529e-09,
                    9.99999993922529e-09,
                    9.99999993922529e-09,
                    1.0
                ]
            ],
            "time": 0.0,
            "params": [
                0.0
            ]
        },
        {
            "file_path": "./train/r_10",
            "rotation": 0.0,
            "transform_matrix": [
                [
                    0.5765177011489868,
                    -0.7908192276954651,
                    -0.20550493896007538,
                    -0.8284111618995667
                ],
                [
                    -0.8170847296714783,
                    -0.5579853057861328,
                    -0.1449999362230301,
                    -0.5845094323158264
                ],
                [
                    9.99999993922529e-09,
                    0.25150996446609497,
                    -0.9678547382354736,
                    -3.901520013809204
                ],
                [
                    9.99999993922529e-09,
                    9.99999993922529e-09,
                    9.99999993922529e-09,
                    1.0
                ]
            ],
            "time": 0.9292929292929293,
            "params": [
                0.9292929292929293
            ]
        },
        {
            "file_path": "./train/r_11",
            "rotation": 0.0,
            "transform_matrix": [
                [
                    -0.14741702377796173,
                    -0.955050528049469,
                    -0.2571900486946106,
                    -1.036758542060852
                ],
                [
                    -0.9890744090080261,
                    0.14234595000743866,
                    0.038333017379045486,
                    0.15452416241168976
                ],
                [
                    9.99999993922529e-09,
                    0.2600310444831848,
                    -0.9656002521514893,
                    -3.892430067062378
                ],
                [
                    9.99999993922529e-09,
                    9.99999993922529e-09,
                    9.99999993922529e-09,
                    1.0
                ]
            ],
            "time": 0.5454545454545454,
            "params": [
                0.5454545454545454
            ]
        },
        {
            "file_path": "./train/r_12",
            "rotation": 0.0,
            "transform_matrix": [
                [
                    -0.9452874660491943,
                    -0.31315669417381287,
                    -0.09145703911781311,
                    -0.36867231130599976
                ],
                [
                    -0.32623836398124695,
                    0.9073827862739563,
                    0.2650001049041748,
                    1.0682413578033447
                ],
                [
                    9.99999993922529e-09,
                    0.2803381085395813,
                    -0.9599013924598694,
                    -3.8694565296173096
                ],
                [
                    9.99999993922529e-09,
                    9.99999993922529e-09,
                    9.99999993922529e-09,
                    1.0
                ]
            ],
            "time": 0.7878787878787878,
            "params": [
                0.7878787878787878
            ]
        },
        {
            "file_path": "./train/r_13",
            "rotation": 0.0,
            "transform_matrix": [
                [
                    0.981354296207428,
                    0.18392373621463776,
                    0.05581999942660332,
                    0.22501599788665771
                ],
                [
                    0.1922077238559723,
                    -0.9390587210655212,
                    -0.28499993681907654,
                    -1.148863434791565
                ],
                [
                    9.99999993922529e-09,
                    0.2904149889945984,
                    -0.9569007754325867,
                    -3.85736346244812
                ],
                [
                    9.99999993922529e-09,
                    9.99999993922529e-09,
                    9.99999993922529e-09,
                    1.0
                ]
            ],
            "time": 0.8888888888888888,
            "params": [
                0.8888888888888888
            ]
        },
        {
            "file_path": "./train/r_14",
            "rotation": 0.0,
            "transform_matrix": [
                [
                    -0.1797342747449875,
                    0.9365255236625671,
                    0.30102404952049255,
                    1.213457703590393
                ],
                [
                    0.9837151765823364,
                    0.1711122989654541,
                    0.05500001832842827,
                    0.22171050310134888
                ],
                [
                    9.99999993922529e-09,
                    0.3060073256492615,
                    -0.9520291686058044,
                    -3.837723970413208
                ],
                [
                    9.99999993922529e-09,
                    9.99999993922529e-09,
                    9.99999993922529e-09,
                    1.0
                ]
            ],
            "time": 0.9292929292929293,
            "params": [
                0.9292929292929293
            ]
        },
        {
            "file_path": "./train/r_15",
            "rotation": 0.0,
            "transform_matrix": [
                [
                    -0.9367378950119019,
                    0.3305261433124542,
                    0.11521507054567337,
                    0.464443176984787
                ],
                [
                    0.35003146529197693,
                    0.8845386505126953,
                    0.3083331882953644,
                    1.2429211139678955
                ],
                [
                    9.99999993922529e-09,
                    0.3291562795639038,
                    -0.9442754983901978,
                    -3.806466817855835
                ],
                [
                    9.99999993922529e-09,
                    9.99999993922529e-09,
                    9.99999993922529e-09,
                    1.0
                ]
            ],
            "time": 0.10101010101010101,
            "params": [
                0.10101010101010101
            ]
        },
        {
            "file_path": "./train/r_16",
            "rotation": 0.0,
            "transform_matrix": [
                [
                    -0.6971025466918945,
                    0.673766553401947,
                    0.2451259195804596,
                    0.9881273508071899
                ],
                [
                    0.7169713973999023,
                    0.6550949811935425,
                    0.23833294212818146,
                    0.9607441425323486
                ],
                [
                    9.99999993922529e-09,
                    0.34189078211784363,
                    -0.9397397041320801,
                    -3.7881858348846436
                ],
                [
                    9.99999993922529e-09,
                    9.99999993922529e-09,
                    9.99999993922529e-09,
                    1.0
                ]
            ],
            "time": 0.2727272727272727,
            "params": [
                0.2727272727272727
            ]
        },
        {
            "file_path": "./train/r_17",
            "rotation": 0.0,
            "transform_matrix": [
                [
                    0.21826326847076416,
                    -0.9164661765098572,
                    -0.3353370428085327,
                    -1.3517769575119019
                ],
                [
                    -0.9758899211883545,
                    -0.2049727886915207,
                    -0.07500000298023224,
                    -0.30233249068260193
                ],
                [
                    9.99999993922529e-09,
                    0.34362179040908813,
                    -0.93910813331604,
                    -3.7856380939483643
                ],
                [
                    9.99999993922529e-09,
                    9.99999993922529e-09,
                    9.99999993922529e-09,
                    1.0
                ]
            ],
            "time": 0.030303030303030304,
            "params": [
                0.030303030303030304
            ]
        },
        {
            "file_path": "./train/r_18",
            "rotation": 0.0,
            "transform_matrix": [
                [
                    0.6763443946838379,
                    0.687959611415863,
                    0.2631918787956238,
                    1.0609532594680786
                ],
                [
                    0.7365856170654297,
                    -0.6316952109336853,
                    -0.24166686832904816,
                    -0.9741837978363037
                ],
                [
                    9.99999993922529e-09,
                    0.3573133945465088,
                    -0.9339845776557922,
                    -3.764986753463745
                ],
                [
                    9.99999993922529e-09,
                    9.99999993922529e-09,
                    9.99999993922529e-09,
                    1.0
                ]
            ],
            "time": 0.3434343434343434,
            "params": [
                0.3434343434343434
            ]
        },
        {
            "file_path": "./train/r_19",
            "rotation": 0.0,
            "transform_matrix": [
                [
                    0.9108823537826538,
                    -0.3849251866340637,
                    -0.1487480103969574,
                    -0.5996180176734924
                ],
                [
                    -0.4126661717891693,
                    -0.8496493697166443,
                    -0.3283330798149109,
                    -1.3235430717468262
                ],
                [
                    9.99999993922529e-09,
                    0.36045607924461365,
                    -0.9327762126922607,
                    -3.760113000869751
                ],
                [
                    9.99999993922529e-09,
                    9.99999993922529e-09,
                    9.99999993922529e-09,
                    1.0
                ]
            ],
            "time": 0.8888888888888888,
            "params": [
                0.8888888888888888
            ]
        },
        {
            "file_path": "./train/r_20",
            "rotation": 0.0,
            "transform_matrix": [
                [
                    0.34697628021240234,
                    0.871366560459137,
                    0.34688302874565125,
                    1.398319959640503
                ],
                [
                    0.9378738403320312,
                    -0.3223712146282196,
                    -0.12833300232887268,
                    -0.5173231363296509
                ],
                [
                    9.99999993922529e-09,
                    0.36986106634140015,
                    -0.9290871024131775,
                    -3.7452423572540283
                ],
                [
                    9.99999993922529e-09,
                    9.99999993922529e-09,
                    9.99999993922529e-09,
                    1.0
                ]
            ],
            "time": 0.47474747474747475,
            "params": [
                0.47474747474747475
            ]
        },
        {
            "file_path": "./train/r_21",
            "rotation": 0.0,
            "transform_matrix": [
                [
                    -0.595851480960846,
                    -0.7454532384872437,
                    -0.2987649738788605,
                    -1.204351544380188
                ],
                [
                    -0.8030946254730225,
                    0.5530847907066345,
                    0.22166699171066284,
                    0.893561840057373
                ],
                [
                    9.99999993922529e-09,
                    0.37201714515686035,
                    -0.9282259345054626,
                    -3.741771697998047
                ],
                [
                    9.99999993922529e-09,
                    9.99999993922529e-09,
                    9.99999993922529e-09,
                    1.0
                ]
            ],
            "time": 0.06060606060606061,
            "params": [
                0.06060606060606061
            ]
        },
        {
            "file_path": "./train/r_22",
            "rotation": 0.0,
            "transform_matrix": [
                [
                    -0.999545156955719,
                    -0.027914302423596382,
                    -0.011414989829063416,
                    -0.046014994382858276
                ],
                [
                    -0.030158093199133873,
                    0.9251781105995178,
                    0.37833309173583984,
                    1.5250980854034424
                ],
                [
                    9.99999993922529e-09,
                    0.3785052001476288,
                    -0.925599217414856,
                    -3.7311818599700928
                ],
                [
                    9.99999993922529e-09,
                    9.99999993922529e-09,
                    9.99999993922529e-09,
                    1.0
                ]
            ],
            "time": 0.37373737373737376,
            "params": [
                0.37373737373737376
            ]
        },
        {
            "file_path": "./train/r_23",
            "rotation": 0.0,
            "transform_matrix": [
                [
                    0.6807358264923096,
                    -0.6777324676513672,
                    -0.27798816561698914,
                    -1.1205973625183105
                ],
                [
                    -0.7325289249420166,
                    -0.6298137307167053,
                    -0.25833314657211304,
                    -1.0413661003112793
                ],
                [
                    9.99999993922529e-09,
                    0.37949100136756897,
                    -0.9251955151557922,
                    -3.72955322265625
                ],
                [
                    9.99999993922529e-09,
                    9.99999993922529e-09,
                    9.99999993922529e-09,
                    1.0
                ]
            ],
            "time": 0.47474747474747475,
            "params": [
                0.47474747474747475
            ]
        },
        {
            "file_path": "./train/r_24",
            "rotation": 0.0,
            "transform_matrix": [
                [
                    -0.2730492651462555,
                    -0.8830445408821106,
                    -0.3816758394241333,
                    -1.538573980331421
                ],
                [
                    -0.9620000123977661,
                    0.2506389617919922,
                    0.10833296179771423,
                    0.43670111894607544
                ],
                [
                    9.99999993922529e-09,
                    0.39675241708755493,
                    -0.9179256558418274,
                    -3.700251340866089
                ],
                [
                    9.99999993922529e-09,
                    9.99999993922529e-09,
                    9.99999993922529e-09,
                    1.0
                ]
            ],
            "time": 0.30303030303030304,
            "params": [
                0.30303030303030304
            ]
        },
        {
            "file_path": "./train/r_25",
            "rotation": 0.0,
            "transform_matrix": [
                [
                    0.8935131430625916,
                    0.41207459568977356,
                    0.17840607464313507,
                    0.7191724181175232
                ],
                [
                    0.44903695583343506,
                    -0.8199638724327087,
                    -0.3550001084804535,
                    -1.4310404062271118
                ],
                [
                    9.99999993922529e-09,
                    0.3973081707954407,
                    -0.9176852703094482,
                    -3.69927978515625
                ],
                [
                    9.99999993922529e-09,
                    9.99999993922529e-09,
                    9.99999993922529e-09,
                    1.0
                ]
            ],
            "time": 0.23232323232323232,
            "params": [
                0.23232323232323232
            ]
        },
        {
            "file_path": "./train/r_26",
            "rotation": 0.0,
            "transform_matrix": [
                [
                    -0.8431330919265747,
                    -0.4934394061565399,
                    -0.21364495158195496,
                    -0.8612242937088013
                ],
                [
                    -0.5377049446105957,
                    0.7737237811088562,
                    0.3349999785423279,
                    1.3504184484481812
                ],
                [
                    9.99999993922529e-09,
                    0.3973275423049927,
                    -0.9176769256591797,
                    -3.6992475986480713
                ],
                [
                    9.99999993922529e-09,
                    9.99999993922529e-09,
                    9.99999993922529e-09,
                    1.0
                ]
            ],
            "time": 0.9292929292929293,
            "params": [
                0.9292929292929293
            ]
        },
        {
            "file_path": "./train/r_27",
            "rotation": 0.0,
            "transform_matrix": [
                [
                    0.9984266757965088,
                    -0.05141730606555939,
                    -0.022370990365743637,
                    -0.09017972648143768
                ],
                [
                    -0.056073177605867386,
                    -0.9155253171920776,
                    -0.39833301305770874,
                    -1.6057201623916626
                ],
                [
                    9.99999993922529e-09,
                    0.3989607095718384,
                    -0.9169679880142212,
                    -3.6963894367218018
                ],
                [
                    9.99999993922529e-09,
                    9.99999993922529e-09,
                    9.99999993922529e-09,
                    1.0
                ]
            ],
            "time": 0.4444444444444444,
            "params": [
                0.4444444444444444
            ]
        },
        {
            "file_path": "./train/r_28",
            "rotation": 0.0,
            "transform_matrix": [
                [
                    -0.41064706444740295,
                    0.8316667079925537,
                    0.3737639784812927,
                    1.5066800117492676
                ],
                [
                    0.9117943644523621,
                    0.37455978989601135,
                    0.1683330088853836,
                    0.678567111492157
                ],
                [
                    9.99999993922529e-09,
                    0.4099213182926178,
                    -0.9121209383010864,
                    -3.6768507957458496
                ],
                [
                    9.99999993922529e-09,
                    9.99999993922529e-09,
                    9.99999993922529e-09,
                    1.0
                ]
            ],
            "time": 0.030303030303030304,
            "params": [
                0.030303030303030304
            ]
        },
        {
            "file_path": "./train/r_29",
            "rotation": 0.0,
            "transform_matrix": [
                [
                    0.035199131816625595,
                    0.904093325138092,
                    0.4258829355239868,
                    1.7167768478393555
                ],
                [
                    0.9993802905082703,
                    -0.03184301406145096,
                    -0.014999990351498127,
                    -0.06046648323535919
                ],
                [
                    9.99999993922529e-09,
                    0.4261470139026642,
                    -0.9046539068222046,
                    -3.6467506885528564
                ],
                [
                    9.99999993922529e-09,
                    9.99999993922529e-09,
                    9.99999993922529e-09,
                    1.0
                ]
            ],
            "time": 0.6161616161616161,
            "params": [
                0.6161616161616161
            ]
        },
        {
            "file_path": "./train/r_30",
            "rotation": 0.0,
            "transform_matrix": [
                [
                    0.42122772336006165,
                    -0.8112545013427734,
                    -0.4055038094520569,
                    -1.634627103805542
                ],
                [
                    -0.9069548845291138,
                    -0.3767804801464081,
                    -0.18833288550376892,
                    -0.7591891288757324
                ],
                [
                    9.99999993922529e-09,
                    0.44710472226142883,
                    -0.8944815993309021,
                    -3.605746269226074
                ],
                [
                    9.99999993922529e-09,
                    9.99999993922529e-09,
                    9.99999993922529e-09,
                    1.0
                ]
            ],
            "time": 0.9595959595959596,
            "params": [
                0.9595959595959596
            ]
        },
        {
            "file_path": "./train/r_31",
            "rotation": 0.0,
            "transform_matrix": [
                [
                    0.010896033607423306,
                    -0.8884439468383789,
                    -0.45885583758354187,
                    -1.8496942520141602
                ],
                [
                    -0.9999406337738037,
                    -0.00968107022345066,
                    -0.004999991040676832,
                    -0.020155489444732666
                ],
                [
                    9.99999993922529e-09,
                    0.4588830769062042,
                    -0.8884966969490051,
                    -3.58161997795105
                ],
                [
                    9.99999993922529e-09,
                    9.99999993922529e-09,
                    9.99999993922529e-09,
                    1.0
                ]
            ],
            "time": 0.13131313131313133,
            "params": [
                0.13131313131313133
            ]
        },
        {
            "file_path": "./train/r_32",
            "rotation": 0.0,
            "transform_matrix": [
                [
                    -0.9167290329933167,
                    0.35473841428756714,
                    0.18376201391220093,
                    0.7407629489898682
                ],
                [
                    0.399509459733963,
                    0.8139957785606384,
                    0.4216670095920563,
                    1.6997817754745483
                ],
                [
                    9.99999993922529e-09,
                    0.45996904373168945,
                    -0.8879349827766418,
                    -3.5793545246124268
                ],
                [
                    9.99999993922529e-09,
                    9.99999993922529e-09,
                    9.99999993922529e-09,
                    1.0
                ]
            ],
            "time": 0.13131313131313133,
            "params": [
                0.13131313131313133
            ]
        },
        {
            "file_path": "./train/r_33",
            "rotation": 0.0,
            "transform_matrix": [
                [
                    -0.9603761434555054,
                    -0.24647371470928192,
                    -0.13010896742343903,
                    -0.5244823694229126
                ],
                [
                    -0.2787070870399475,
                    0.8493056297302246,
                    0.44833293557167053,
                    1.8072750568389893
                ],
                [
                    9.99999993922529e-09,
                    0.4668305516242981,
                    -0.8843468427658081,
                    -3.5648910999298096
                ],
                [
                    9.99999993922529e-09,
                    9.99999993922529e-09,
                    9.99999993922529e-09,
                    1.0
                ]
            ],
            "time": 0.5151515151515151,
            "params": [
                0.5151515151515151
            ]
        },
        {
            "file_path": "./train/r_34",
            "rotation": 0.0,
            "transform_matrix": [
                [
                    -0.7498752474784851,
                    0.5843170285224915,
                    0.3102591633796692,
                    1.2506850957870483
                ],
                [
                    0.6615791916847229,
                    0.6623014211654663,
                    0.3516671359539032,
                    1.417604684829712
                ],
                [
                    9.99999993922529e-09,
                    0.4689675271511078,
                    -0.8832154273986816,
                    -3.5603277683258057
                ],
                [
                    9.99999993922529e-09,
                    9.99999993922529e-09,
                    9.99999993922529e-09,
                    1.0
                ]
            ],
            "time": 0.6161616161616161,
            "params": [
                0.6161616161616161
            ]
        },
        {
            "file_path": "./train/r_35",
            "rotation": 0.0,
            "transform_matrix": [
                [
                    0.979454755783081,
                    0.1771163046360016,
                    0.0964270532131195,
                    0.38870686292648315
                ],
                [
                    0.20166397094726562,
                    -0.860230028629303,
                    -0.4683332145214081,
                    -1.8878971338272095
                ],
                [
                    9.99999993922529e-09,
                    0.47815707325935364,
                    -0.8782743811607361,
                    -3.540410280227661
                ],
                [
                    9.99999993922529e-09,
                    9.99999993922529e-09,
                    9.99999993922529e-09,
                    1.0
                ]
            ],
            "time": 0.4444444444444444,
            "params": [
                0.4444444444444444
            ]
        },
        {
            "file_path": "./train/r_36",
            "rotation": 0.0,
            "transform_matrix": [
                [
                    0.6367862820625305,
                    0.6723769903182983,
                    0.3773758113384247,
                    1.521240234375
                ],
                [
                    0.7710404396057129,
                    -0.5553022027015686,
                    -0.3116668462753296,
                    -1.2563607692718506
                ],
                [
                    9.99999993922529e-09,
                    0.48943713307380676,
                    -0.8720386624336243,
                    -3.5152764320373535
                ],
                [
                    9.99999993922529e-09,
                    9.99999993922529e-09,
                    9.99999993922529e-09,
                    1.0
                ]
            ],
            "time": 0.1717171717171717,
            "params": [
                0.1717171717171717
            ]
        },
        {
            "file_path": "./train/r_37",
            "rotation": 0.0,
            "transform_matrix": [
                [
                    0.8999624848365784,
                    -0.3798556625843048,
                    -0.21395598351955414,
                    -0.8624779582023621
